01: [[ 0.46597645 -0.88479296 -0.00271452  0.03300704]
 [-0.00950065 -0.00807125  0.99992229  0.22226749]
 [-0.88474612 -0.46591445 -0.01216712  0.00261058]
 [ 0.          0.          0.          1.        ]]
02: [[ 0.01249862 -0.99991787 -0.00283473  0.03260587]
 [-0.07602418 -0.00377701  0.99709882  0.25698179]
 [-0.99702764 -0.01224685 -0.07606515 -0.23844766]
 [ 0.          0.          0.          1.        ]]
03: [[ 0.0017611  -0.9999945  -0.00281208  0.03260593]
 [-0.06531922 -0.00292112  0.99786014  0.25526338]
 [-0.99786287 -0.00157365 -0.065324   -0.23615458]
 [ 0.          0.          0.          1.        ]]
